Linear
N	linear	dp
64	6.66667	3.33333
66	6.66667	3.66667
68	7.33333	3.66667
70	8	4
72	8	4.33333
74	8.33333	5
76	9	4.66667
78	9.66667	5
80	10	5.33333
82	10.6667	5.66667
84	10.6667	6
86	11.6667	6
88	12	6.66667
90	12.6667	6.66667
92	13.3333	7
94	13.6667	7.33333
96	14.3333	7.66667
98	15.3333	8
100	15.3333	8.33333
102	16.3333	8.33333
104	16.6667	9.33333
106	17.3333	9.33333
108	17.6667	10
110	18.6667	9.66667
112	19.6667	10
114	20.3333	11
116	20.6667	11.3333
118	21.3333	11.6667
120	22.3333	12
122	22.6667	12
124	23.6667	12.6667
126	24.3333	13.6667
128	25.3333	13.3333
130	25.6667	14
132	26.6667	14.6667
134	27.6667	15
136	28.3333	15.3333
138	29.6667	16
140	29.6667	16.3333
142	30.6667	16.6667
144	31.6667	17.3333
146	33	17.6667
148	33.6667	18.3333
150	34.6667	18.6667
152	35.6667	19.3333
154	36	19.3333
156	37	20.3333
158	38	20.6667
160	39	21.3333
162	39.6667	22.3333
164	41	22.6667
166	42	22.3333
168	43.3333	23.3333
170	44.3333	24
172	44.3333	24.6667
174	45.6667	24.6667
176	46.6667	26
178	48	25.6667
180	49.3333	27.3333
182	50.3333	27.3333
184	51.3333	28
186	53	29
188	54.3333	29
190	54	30.3333
192	55.6667	31
194	56	32
196	57.6667	32
198	59	32.6667
200	60.6667	33
202	61.6667	34
204	63	34.6667
206	64.3333	35.6667
208	64.3333	36
210	66.3333	37
212	68	37.6667
214	68.6667	38.3333
216	69.6667	38.6667
218	71.3333	39.6667
220	72.6667	40.3333
222	74.3333	41.3333
224	75.6667	42
226	77.3333	42
228	79	43.3333
230	79.3333	44.6667
232	80.3333	45.3333
234	82	46
236	83.3333	47
238	85.3333	47
240	86.3333	48
242	87.3333	48.6667
244	88.6667	49.6667
246	90.6667	51
248	91.6667	52.6667
250	93.6667	52.6667
252	95	54
254	96.3333	54.3333
256	98	56
258	98.6667	56.3333
260	100.333	57.3333
262	101.667	57.6667
264	104.333	59
266	105.667	60
268	107	61
270	108.667	61.6667
272	110.333	63.3333
274	111.667	63.3333
276	112.667	64.6667
278	114.333	66
280	116.333	68.3333
282	118.667	66.3333
284	119.667	68.6667
286	121.333	69.6667
288	123.333	70
290	125	71
292	126.667	72.3333
294	128.667	73
296	130	74.3333
298	131.667	75
300	133.333	76
302	135	77.6667
304	138.667	78.6667
306	139	80
308	140.333	79.6667
310	142	80.6667
312	145	82.3333
314	146.667	83
316	148	84.3333
318	149.333	86
320	151.667	87
